130
41
366
350
362
116
342
421
363
138
406
198
121
76
456
194
261
176
451
204
56
5
232
312
296
127
62
467
163
212
253
459
330
376
3
79
106
360
99
465
255
334
208
216
341
229
194
326
7
95
12
277
137
35
346
289
46
410
115
420
158
337
203
68
397
454
492
119
282
24
265
37
10
448
225
343
471
6
192
6
380
487
253
275
47
441
119
325
350
354
151
458
435
125
316
117
101
462
411
499
228
35
153
362
217
176
158
83
77
62
415
219
165
85
245
333
55
146
480
242
436
194
378
115
375
213
455
477
386
53
31
151
392
159
163
193
284
175
436
294
128
464
159
335
442
475
181
37
463
166
173
182
442
285
185
179
195
264
66
166
206
448
94
164
302
155
192
87
66
277
25
187
277
339
144
270
316
251
310
76
318
15
235
440
385
291
290
74
385
427
123
451
444
231
189
252
147
295
352
26
76
66
199
84
182
431
147
451
286
48
421
13
420
27
186
312
100
464
384
389
378
256
282
315
389
372
497
273
493
84
192
230
456
162
285
10
62
206
330
453
26
112
104
249
378
48
187
197
83
91
240
331
410
18
82
411
423
100
111
484
45
143
49
308
375
468
242
302
224
286
322
146
472
119
64
134
21
308
313
225
437
227
449
107
272
420
431
88
254
214
188
7
374
228
300
229
148
48
240
458
397
169
34
279
25
283
451
96
228
251
96
67
496
147
387
310
344
100
167
17
136
500
418
289
178
66
292
188
323
106
185
35
34
150
251
369
293
221
35
249
475
326
73
275
211
172
65
55
483
31
161
254
142
487
467
157
43
177
188
264
159
24
276
210
364
243
194
172
459
12
69
103
155
347
417
439
362
439
295
192
234
70
108
62
261
125
77
48
21
227
5
336
32
229
327
78
178
176
142
384
442
222
283
344
31
480
181
479
259
172
197
125
138
239
6
236
21
492
75
215
128
475
85
241
260
367
179
78
72
93
362
224
309
195
264
73
258
106
83
22
288
11
472
118
45
493
255
497
235
463
365
450
114
26
347
46
400
377
324
2
462
362
162
275
41
438
495
70
442
210
169
251
9
343
427
8
52
211
75
47
219
219
241
497
447
433
70
140
444
441
134
181
376
51
142
327
452
69
310
21
